1	5.4008948318380865	6.549530471675098	6.549530471675098
2	5.71639602476731	11.9195471778512	11.9195471778512
3	6.208248937437311	24.50444157514721	24.50444157514721
4	7.04484339337796	33.98037499282509	33.98037499282509
5	7.534905454386026	27.036845949478447	33.98037499282509
6	10.80807927585207	35.75710986647755	35.75710986647755
7	11.814785450380295	36.3522186242044	36.3522186242044
8	12.688391776885837	34.07589388359338	36.3522186242044
9	13.013159447722137	37.74473332148045	37.74473332148045
10	15.676361439730972	37.075233169831336	37.74473332148045
11	17.96240057107061	38.552860396914184	38.552860396914184
12	20.503063333379103	42.43344380892813	42.43344380892813
13	21.548822253001855	44.21747953258455	44.21747953258455
14	22.903364949217067	45.084854528307915	45.084854528307915
15	21.76575573758222	42.23779706005007	45.084854528307915
16	19.930574328787625	42.920595397241414	45.084854528307915
17	20.477296575587243	41.19151046592742	45.084854528307915
18	21.488872745167463	39.710234608501196	45.084854528307915
19	22.08866260472685	44.6088601090014	45.084854528307915
20	22.746498136194422	45.16357679665089	45.16357679665089
21	22.34824744624086	45.52187336515635	45.52187336515635
22	23.84206034413539	48.83683569077402	48.83683569077402
23	24.015141532802954	46.18093067407608	48.83683569077402
24	24.57974184625782	45.49556075409055	48.83683569077402
25	24.895287410784512	46.80309705156833	48.83683569077402
25	25.400601580794902	44.39231729507446	48.83683569077402
26	25.972779546044766	47.707138950936496	48.83683569077402
27	25.547526614293457	46.716780739836395	48.83683569077402
28	25.285886108176783	46.715654684230685	48.83683569077402
29	24.946954554626718	45.619769375771284	48.83683569077402
30	23.939391042748465	48.467330103740096	48.83683569077402
31	22.472966137574986	38.39605192374438	48.83683569077402
32	23.002017688415943	46.754548902623355	48.83683569077402
33	24.6900292080082	47.840515865013	48.83683569077402
34	25.41357957823202	49.17153383884579	49.17153383884579
35	24.635953221423552	45.63311070855707	49.17153383884579
36	23.141964845648037	47.70855191163719	49.17153383884579
37	24.2006920395419	46.38603475969285	49.17153383884579
38	21.917199314748867	44.622257583774626	49.17153383884579
39	22.492610265277325	46.3360491078347	49.17153383884579
40	22.04491826391779	44.31026713177562	49.17153383884579
41	24.470225846339016	49.68597116973251	49.68597116973251
42	25.879057813435793	49.900604885071516	49.900604885071516
43	25.033743852740155	50.48764793947339	50.48764793947339
44	24.124935690909624	54.62933306582272	54.62933306582272
45	21.073460525246336	44.77868395764381	54.62933306582272
46	23.20507204655558	45.89891369454563	54.62933306582272
47	22.09738584946841	48.327557225711644	54.62933306582272
48	23.67721706275828	46.70170209929347	54.62933306582272
49	24.678467165352778	47.04429294914007	54.62933306582272
50	26.71379103765823	43.96319456677884	54.62933306582272
51	25.760997139485553	45.37497136835009	54.62933306582272
52	25.26732313701883	46.463212757371366	54.62933306582272
53	26.634533179728315	48.17383341304958	54.62933306582272
54	25.58415868333541	45.57301269378513	54.62933306582272
55	26.04008388115093	46.838509323075414	54.62933306582272
56	26.57909959843382	47.71681778226048	54.62933306582272
57	24.27140008099377	45.23341321013868	54.62933306582272
58	26.042529973266646	44.61825032439083	54.62933306582272
59	26.7912661238946	45.4615250620991	54.62933306582272
60	26.658618488963693	46.419212356209755	54.62933306582272
61	25.88771302619949	44.06548045389354	54.62933306582272
62	25.12442049346864	44.7417507590726	54.62933306582272
63	26.607920636581255	45.1937417993322	54.62933306582272
64	25.57052852075547	44.98457958828658	54.62933306582272
65	24.95455188613385	48.036389742046595	54.62933306582272
66	23.68720988297835	46.566462244838476	54.62933306582272
67	24.82921761185862	48.738640441559255	54.62933306582272
68	25.218729284489527	48.58807658776641	54.62933306582272
69	24.109312741365283	45.6927969744429	54.62933306582272
70	24.865385658470913	45.87209194898605	54.62933306582272
71	24.26771493705921	45.992027615197	54.62933306582272
72	25.730602452494203	48.46398989483714	54.62933306582272
73	25.630689287958667	52.66495652124286	54.62933306582272
74	27.0223613751214	47.07284369319677	54.62933306582272
75	27.440756766544656	48.94063005968928	54.62933306582272
76	28.76938529501669	50.28314925450832	54.62933306582272
77	28.359341827770695	49.984600480645895	54.62933306582272
78	29.239911102922633	49.949330570176244	54.62933306582272
79	26.57306328973733	51.657305512577295	54.62933306582272
80	27.895219496209176	51.279266672208905	54.62933306582272
81	29.511005504261703	50.79061383474618	54.62933306582272
82	29.901021196013318	52.23804821446538	54.62933306582272
83	28.033437571534886	50.31632722169161	54.62933306582272
84	29.77184873151593	47.92244657035917	54.62933306582272
84	30.457270911429077	48.1754245152697	54.62933306582272
85	29.814926230488346	50.68694278225303	54.62933306582272
86	30.325736362300812	49.60358592495322	54.62933306582272
87	28.07639149556868	48.27376273088157	54.62933306582272
88	26.497687259549274	46.77517934329808	54.62933306582272
89	25.618689071107656	47.8549745446071	54.62933306582272
90	26.103808867791667	45.90740826353431	54.62933306582272
91	25.825260254135355	47.387812884524465	54.62933306582272
92	24.86492664515972	46.46623030491173	54.62933306582272
93	26.820714675355703	50.34874983411282	54.62933306582272
94	26.54932195766829	53.046641484834254	54.62933306582272
95	25.777978618312627	46.24381972849369	54.62933306582272
96	25.264138213228435	47.56908903084695	54.62933306582272
97	27.208211712641642	48.81520616542548	54.62933306582272
98	24.954539768528193	52.503847662359476	54.62933306582272
99	27.398766559008507	50.79114284552634	54.62933306582272
100	28.080856760032475	48.02523482404649	54.62933306582272
101	28.59256351502612	53.69217524584383	54.62933306582272
102	26.98003249957226	49.27405230421573	54.62933306582272
103	27.326273542242124	49.41372675821185	54.62933306582272
104	28.097298571253194	51.51219799462706	54.62933306582272
105	28.04390595505014	51.004637031815946	54.62933306582272
106	27.652959754876793	49.79600823111832	54.62933306582272
107	28.155359359886496	51.10584530886263	54.62933306582272
108	29.69977187233046	47.42264413833618	54.62933306582272
109	27.395930104181172	50.32172760926187	54.62933306582272
110	27.41268381504342	52.95129732321948	54.62933306582272
111	29.382109099617228	50.06883741077036	54.62933306582272
112	28.089375007981435	49.906273163855076	54.62933306582272
113	30.198021345203742	49.972563587129116	54.62933306582272
114	26.014210398783906	47.7600729810074	54.62933306582272
115	27.08312561028637	51.44969392102212	54.62933306582272
116	25.768475637929512	47.563427046872675	54.62933306582272
117	26.58249022687785	49.16605930030346	54.62933306582272
118	26.3013226834964	49.29660671018064	54.62933306582272
119	24.676432494102045	48.62536824867129	54.62933306582272
120	24.745078018400818	52.576539600268006	54.62933306582272
121	26.171927400967107	54.040673236362636	54.62933306582272
122	25.518581007579343	50.63178622815758	54.62933306582272
123	25.535385187612846	55.581754583865404	55.581754583865404
124	25.77302605795674	52.37098735384643	55.581754583865404
125	25.338400730956344	48.18166605383158	55.581754583865404
126	23.458926698919385	50.33677687961608	55.581754583865404
127	24.349779430683704	48.3438611458987	55.581754583865404
128	24.052001204444096	39.68687767069787	55.581754583865404
129	25.496531755840405	46.34148191008717	55.581754583865404
130	25.705931188464163	45.5221443772316	55.581754583865404
131	26.204964596834035	50.10922718979418	55.581754583865404
132	26.812126013282686	47.589847622439265	55.581754583865404
133	26.513657334642485	47.327369863167405	55.581754583865404
134	27.45100778945722	50.529789914377034	55.581754583865404
135	27.79091420425102	51.33693280816078	55.581754583865404
136	29.338989516738803	48.44290247838944	55.581754583865404
137	30.42528197001666	49.19312241580337	55.581754583865404
138	29.489180475873873	48.24250461533666	55.581754583865404
139	28.449423754224554	48.189491600729525	55.581754583865404
140	30.147520100139083	49.379137449897826	55.581754583865404
141	30.034328906927257	49.58396998979151	55.581754583865404
142	29.643354485100136	50.67694515082985	55.581754583865404
143	30.623449503593147	49.850156577304006	55.581754583865404
144	32.51327883277089	49.45166588295251	55.581754583865404
145	33.928078361991794	52.38404831197113	55.581754583865404
146	31.67200347283855	51.194924789480865	55.581754583865404
147	33.293367111478	49.698289850726724	55.581754583865404
148	31.975318913934753	51.47134730871767	55.581754583865404
149	31.8176509714406	51.1922738160938	55.581754583865404
150	30.31617889661342	51.70326470863074	55.581754583865404
151	32.23463906597346	53.56494043581188	55.581754583865404
152	30.681396716888994	48.71238071564585	55.581754583865404
153	32.57693626603112	50.32705650664866	55.581754583865404
154	32.92150078678504	51.50412379577756	55.581754583865404
155	30.323544813049956	53.746897717006505	55.581754583865404
156	32.00631989037618	52.692738350480795	55.581754583865404
157	31.460505278781056	53.83408917021006	55.581754583865404
158	32.51064190234057	52.37334881257266	55.581754583865404
159	32.02440401863307	51.98202419653535	55.581754583865404
160	30.21129792559892	49.27875865530223	55.581754583865404
161	32.06826586018317	51.75932757649571	55.581754583865404
162	31.554134681979193	52.23879154678434	55.581754583865404
163	31.023572622835637	53.12512974906713	55.581754583865404
164	33.28662984319031	54.83090444933623	55.581754583865404
165	33.1651242761407	53.42093966435641	55.581754583865404
166	33.02634899600409	57.897268428467214	57.897268428467214
167	34.50332522781566	50.64120918978006	57.897268428467214
168	34.22949199808762	52.175692724995315	57.897268428467214
169	36.1230018294882	52.671504315920174	57.897268428467214
170	35.764756160583346	54.22764007560909	57.897268428467214
171	34.49408452207223	52.22002358082682	57.897268428467214
172	34.25764460627921	52.067387578077614	57.897268428467214
173	34.19995522323996	52.4012667844072	57.897268428467214
174	33.44946519771591	53.60087935812771	57.897268428467214
175	31.455468811066822	50.178259290754795	57.897268428467214
176	31.874188625272364	49.60200907289982	57.897268428467214
177	32.82796394524164	51.560332194902	57.897268428467214
178	33.63434041328728	51.25267869606614	57.897268428467214
179	33.58668762436137	51.461916252970695	57.897268428467214
180	34.84405889080838	51.00887369643897	57.897268428467214
181	34.33030432294123	52.34773432649672	57.897268428467214
182	34.89021771895699	54.97543401643634	57.897268428467214
183	33.48252742162906	53.39492541458458	57.897268428467214
184	33.056186626870186	54.517277324572206	57.897268428467214
185	33.04178114250303	51.57577837537974	57.897268428467214
186	34.22849024573341	52.36459044739604	57.897268428467214
187	35.386817322941496	52.669403206557035	57.897268428467214
188	35.26245051172562	54.043121134862304	57.897268428467214
189	34.978417145600545	55.05676705855876	57.897268428467214
190	35.93647105419077	52.14240839984268	57.897268428467214
191	35.51534423949197	52.94791333004832	57.897268428467214
192	35.87650923429988	52.3207793366164	57.897268428467214
193	34.93075126535259	54.01156076230109	57.897268428467214
194	34.21669816613198	53.7748283771798	57.897268428467214
195	34.50130954683758	54.415114409290254	57.897268428467214
196	34.794168052813035	54.602025501430035	57.897268428467214
197	34.36100168909878	56.17027132306248	57.897268428467214
198	33.12929452991113	56.90564427245408	57.897268428467214
199	33.940453685037795	50.79186623264104	57.897268428467214
200	34.39962421005592	51.633854440413415	57.897268428467214
201	32.915972318015996	51.78731640428305	57.897268428467214
202	33.063565048445014	51.11530914995819	57.897268428467214
203	30.542941302182154	52.75024185702205	57.897268428467214
204	31.365026327660306	53.91368327476084	57.897268428467214
205	32.60769052387215	53.096012071706355	57.897268428467214
206	30.64093863669783	51.829208188690245	57.897268428467214
207	29.99126279768534	55.16958858072758	57.897268428467214
208	29.289293769737707	55.152948930859566	57.897268428467214
209	30.860931767998263	51.83238499797881	57.897268428467214
210	31.34199812550098	54.41573831997812	57.897268428467214
211	32.16647798338905	53.95520333573222	57.897268428467214
212	31.891813178407027	52.38511225860566	57.897268428467214
213	31.26267928076908	53.84889796562493	57.897268428467214
214	30.05452417367138	51.024816546589136	57.897268428467214
215	31.05103446977213	54.178435943089426	57.897268428467214
216	30.258065566709266	51.750429812818766	57.897268428467214
217	30.857580647552385	56.59687668364495	57.897268428467214
218	31.767758085476235	54.205148491077125	57.897268428467214
219	30.49975466634147	57.111787787638605	57.897268428467214
220	31.326667772233485	52.975299352779984	57.897268428467214
221	31.504817368248478	51.56505456101149	57.897268428467214
222	32.947003000834954	54.86603483837098	57.897268428467214
223	32.872642017006875	56.405352894216776	57.897268428467214
224	33.55422979527153	55.528670562431216	57.897268428467214
225	31.232347467504443	53.799015012569726	57.897268428467214
226	33.25245717640035	53.919513053260744	57.897268428467214
227	33.71171026253141	54.425704535096884	57.897268428467214
228	30.988741526035593	53.97257721610367	57.897268428467214
229	31.678696851907297	53.97833734564483	57.897268428467214
230	30.937001317683606	54.08548656385392	57.897268428467214
231	30.40412679152563	54.62337613478303	57.897268428467214
232	31.660338157005608	55.100944800302386	57.897268428467214
233	32.25264259462245	56.981405921280384	57.897268428467214
234	32.139205966647715	54.351782800629735	57.897268428467214
235	32.7209333083313	52.613427768461406	57.897268428467214
236	32.475762639176104	55.447080593556166	57.897268428467214
237	34.22962600258179	54.31630771141499	57.897268428467214
238	32.36382823412307	57.13031602464616	57.897268428467214
239	31.957680290155114	55.24603756889701	57.897268428467214
240	32.726647615768016	53.67683273181319	57.897268428467214
241	32.19187805658206	55.29562416579574	57.897268428467214
242	33.287161854542795	51.77496938966215	57.897268428467214
243	32.53358918458223	52.56310122553259	57.897268428467214
244	33.16183918644674	55.82215723115951	57.897268428467214
245	34.508416732233016	54.37005642708391	57.897268428467214
