1	1.2164129144982312	5.692564381794135	5.692564381794135
2	1.4737260032575	10.514381160336914	10.514381160336914
3	1.8983210964351338	11.70972473852112	11.70972473852112
4	2.540164476856427	11.78099454228184	11.78099454228184
5	3.1836009197524855	11.82373938019706	11.82373938019706
6	4.013371930934319	12.299406512374553	12.299406512374553
7	4.480033720744624	13.72866571863101	13.72866571863101
8	5.053378259277789	16.065062807148056	16.065062807148056
9	5.410680730601711	15.318915088493773	16.065062807148056
10	5.452434078533335	15.416943765490942	16.065062807148056
11	5.739505333897233	15.563681627896688	16.065062807148056
12	5.8048738302200285	16.522105765962554	16.522105765962554
13	6.014309426003776	15.740106969048494	16.522105765962554
14	5.749016650621822	18.46141417097084	18.46141417097084
15	5.943476983695888	17.646584287568402	18.46141417097084
16	6.266220083761373	19.65628795909132	19.65628795909132
17	6.975524314491126	18.149562823237268	19.65628795909132
18	7.446976607612515	19.97831379268144	19.97831379268144
19	7.6004440012056484	19.60823468978133	19.97831379268144
20	7.542709699081804	19.60823468978133	19.97831379268144
21	7.8250494947330935	19.121320967209087	19.97831379268144
22	8.157188063119758	19.955550852008987	19.97831379268144
23	8.36191244928678	20.38576467132708	20.38576467132708
24	8.738946672410052	21.089460166493154	21.089460166493154
25	9.234249652194409	19.75944790262513	21.089460166493154
26	8.882204335564182	20.450864347330658	21.089460166493154
27	9.183028216279784	19.934274330816482	21.089460166493154
28	9.007177645183685	20.917352702557615	21.089460166493154
29	8.861203137586106	21.33005349254101	21.33005349254101
30	9.067846407963883	20.708943094889165	21.33005349254101
31	9.12649212931638	20.760449896961543	21.33005349254101
32	9.207467036921125	19.965965640538673	21.33005349254101
33	8.924910440391486	21.07449030975877	21.33005349254101
34	9.117842093997343	19.624467098994085	21.33005349254101
35	9.785345166553846	20.927994161848286	21.33005349254101
36	9.678841610260225	20.927994161848286	21.33005349254101
37	9.087278877118031	20.618709115568006	21.33005349254101
38	9.082741336631356	20.618709115568006	21.33005349254101
39	9.153800509880972	20.07201328244587	21.33005349254101
40	9.475411213967435	19.73764584323163	21.33005349254101
41	9.121922835019365	20.931846982716042	21.33005349254101
42	9.428241150391514	20.931846982716042	21.33005349254101
43	9.108574869742151	20.432183186065142	21.33005349254101
44	9.292682687625339	20.63759220568837	21.33005349254101
45	10.14590175700685	21.204935533496734	21.33005349254101
46	9.264695763437537	20.7513005625034	21.33005349254101
47	9.354799745137953	20.67425885967121	21.33005349254101
48	9.588091942178641	20.28897330570334	21.33005349254101
49	9.441963151924517	20.22821622006765	21.33005349254101
50	9.53746043356284	20.786281202293225	21.33005349254101
51	9.644271723552624	20.786281202293225	21.33005349254101
52	9.636485505126604	20.786281202293225	21.33005349254101
53	10.014710499042048	21.083942051448492	21.33005349254101
54	9.610322776222043	21.268900801467908	21.33005349254101
55	9.786556570804295	21.293900857571504	21.33005349254101
56	9.570930310651482	21.07276316325691	21.33005349254101
57	9.71817140748806	21.140783354394777	21.33005349254101
58	9.575277809667336	20.105344881002317	21.33005349254101
59	10.30004027647433	20.563570640894802	21.33005349254101
60	10.21288991430551	21.025597333771227	21.33005349254101
61	10.542820698959076	20.886087439109467	21.33005349254101
62	10.58908682764187	20.823838550389155	21.33005349254101
63	10.833833834946347	20.02374915158113	21.33005349254101
64	10.602878384183487	20.994339873197745	21.33005349254101
65	10.273438412340477	21.02803599186204	21.33005349254101
66	9.68780506642649	21.14923492890282	21.33005349254101
67	9.433830424866343	21.268243738971577	21.33005349254101
68	9.066126175831812	21.268243738971577	21.33005349254101
69	9.1901764466895	21.268243738971577	21.33005349254101
70	8.980057101077763	21.224520730497233	21.33005349254101
71	9.008833724211243	21.19168321142517	21.33005349254101
72	8.983651013074411	20.347466870299833	21.33005349254101
73	8.999730846870198	20.898014350327507	21.33005349254101
74	8.600532775194562	20.872885324659066	21.33005349254101
75	8.570853137218725	20.687105871737526	21.33005349254101
76	9.285832903517239	20.514545184842166	21.33005349254101
77	8.898367301885807	20.624241583567105	21.33005349254101
78	8.800331374958045	21.31823752369598	21.33005349254101
79	8.92868624261603	21.31823752369598	21.33005349254101
80	9.498063298003034	21.08743102765289	21.33005349254101
81	9.381013419795089	21.08743102765289	21.33005349254101
82	8.71436455110366	20.775175872493563	21.33005349254101
83	9.209249263748482	21.002577153867247	21.33005349254101
84	9.198983728357678	20.7902590253329	21.33005349254101
85	9.054372499875791	20.910438960633872	21.33005349254101
86	9.121630174941462	20.716549895278558	21.33005349254101
87	9.56319406312726	21.332256794040976	21.332256794040976
88	8.949196977171837	20.60492806034268	21.332256794040976
89	9.655651079490429	21.088508775606243	21.332256794040976
90	10.102836499645383	21.36311515504102	21.36311515504102
91	9.951677000119954	21.63705472268116	21.63705472268116
92	9.948888677034613	21.161049017105693	21.63705472268116
93	10.087130554543819	21.145637434403127	21.63705472268116
94	10.463649483339713	21.43006022161857	21.63705472268116
95	10.540823308931504	21.11561835240477	21.63705472268116
96	10.590738514506624	20.908120523735747	21.63705472268116
97	10.64774157215086	21.359370280782446	21.63705472268116
98	10.610105859729867	20.87435082745651	21.63705472268116
99	10.581464305227344	21.10046817201994	21.63705472268116
100	10.533555147741815	21.379667524460398	21.63705472268116
101	10.219963790534957	21.379667524460398	21.63705472268116
102	10.70365459970746	21.062090979569565	21.63705472268116
103	10.382370388022895	21.073014161931496	21.63705472268116
104	10.621491050171675	21.35785200490956	21.63705472268116
105	10.403535509582827	21.35785200490956	21.63705472268116
106	10.270969290295502	21.260853491316322	21.63705472268116
107	10.075735284750769	21.35495657598899	21.63705472268116
108	10.086628311375305	21.40607849858094	21.63705472268116
109	10.264078637836858	21.26446055414397	21.63705472268116
110	10.03115664104099	21.300907047837512	21.63705472268116
111	10.66905338600598	21.370217382158042	21.63705472268116
112	11.018703921220224	21.370217382158042	21.63705472268116
113	11.064377697975978	21.126289823623207	21.63705472268116
114	10.590723721646238	21.393890713403074	21.63705472268116
115	10.507447233484054	21.74474898850452	21.74474898850452
116	10.79890141405676	21.242324207556596	21.74474898850452
117	11.088856600105096	21.293099981242396	21.74474898850452
118	11.133310493679227	21.404981152022728	21.74474898850452
119	11.099573364367751	21.34885838528837	21.74474898850452
120	11.011447488152923	21.524994908262027	21.74474898850452
121	11.18147937111519	21.50646254959429	21.74474898850452
122	10.95768098333007	21.50646254959429	21.74474898850452
123	10.706425529536368	20.969411562183623	21.74474898850452
124	10.81569279125021	21.05575838118448	21.74474898850452
125	10.904732713476864	21.26980794284263	21.74474898850452
126	10.59908900996431	21.289838666899662	21.74474898850452
127	10.145605017427364	21.328986934666144	21.74474898850452
128	9.78952897194536	21.210118676586294	21.74474898850452
129	10.457089534134736	21.365504243371277	21.74474898850452
130	10.101913087311043	21.287537267579705	21.74474898850452
131	9.950023698713988	21.266819143939795	21.74474898850452
132	9.477852018116275	21.266819143939795	21.74474898850452
133	9.861565224810198	21.33653069598804	21.74474898850452
134	10.464314450221048	21.371209907497825	21.74474898850452
135	10.490525695098645	21.087982719118113	21.74474898850452
136	10.064246577730048	21.323360543344084	21.74474898850452
137	10.027043442686308	21.23631156237324	21.74474898850452
138	10.155265507469643	21.249364951203134	21.74474898850452
139	10.54608671305608	21.10572402683355	21.74474898850452
140	8.967694531147247	21.75585744740285	21.75585744740285
141	9.108984996809006	21.474806366926018	21.75585744740285
142	9.744535198275328	21.40789152942312	21.75585744740285
143	9.926698820670811	20.935343168932132	21.75585744740285
144	10.154420526037896	20.935343168932132	21.75585744740285
145	9.963810915154017	21.141933825449406	21.75585744740285
146	10.368794601201744	21.39010580709208	21.75585744740285
147	10.316653643867033	21.167628135385737	21.75585744740285
148	9.746984429960596	21.167628135385737	21.75585744740285
149	10.113694620385171	21.130509257762228	21.75585744740285
150	10.943332633815032	21.35530547221555	21.75585744740285
151	11.352558803440163	21.253297314587485	21.75585744740285
152	10.945951800414045	21.50327645537198	21.75585744740285
153	10.722383499836893	21.50327645537198	21.75585744740285
154	10.727135294962613	21.447381170298623	21.75585744740285
155	11.028493624658267	21.447381170298623	21.75585744740285
156	10.798465668483807	21.55034225124265	21.75585744740285
157	10.637995030483983	21.692023646842397	21.75585744740285
158	10.887213277786971	21.34873335092853	21.75585744740285
159	10.617312762462797	21.41093296644622	21.75585744740285
160	10.361084071395663	21.378732807109373	21.75585744740285
161	10.821418552164872	21.382370653966266	21.75585744740285
162	10.251807926743057	21.382370653966266	21.75585744740285
163	10.534609506445209	21.5405317208379	21.75585744740285
164	10.334901413016217	21.5405317208379	21.75585744740285
165	9.968483899137553	21.322131570451006	21.75585744740285
166	10.458274267209477	21.263227447715078	21.75585744740285
167	10.800631734211283	21.262538993674795	21.75585744740285
168	11.108640469377091	21.44867389777591	21.75585744740285
169	10.61337464771474	21.90013479571879	21.90013479571879
170	10.611986807894327	21.484113640413433	21.90013479571879
171	10.303988361094891	21.61864119369073	21.90013479571879
172	10.45490617546812	21.61864119369073	21.90013479571879
173	10.871897898538771	21.701161213832968	21.90013479571879
174	10.563498967075468	21.37313502833055	21.90013479571879
175	10.834845530092869	21.37313502833055	21.90013479571879
176	10.546635464820701	21.43373575792987	21.90013479571879
177	9.70103132223204	21.415056983913193	21.90013479571879
178	9.80556962791275	21.24568284642678	21.90013479571879
179	9.750817049127196	21.30893467718831	21.90013479571879
180	10.12779643823295	21.30893467718831	21.90013479571879
181	9.758695661249494	21.283313534730983	21.90013479571879
182	9.411600234510427	21.40005910302289	21.90013479571879
183	9.518055300575746	21.40005910302289	21.90013479571879
184	9.663682720875608	21.17038298527068	21.90013479571879
185	9.490356479703998	21.196301468064537	21.90013479571879
186	10.15606270589606	21.09951420975792	21.90013479571879
187	10.206606895715415	21.25424620920573	21.90013479571879
188	10.9264549361026	21.586953859255686	21.90013479571879
189	10.2816347818594	21.4496693751828	21.90013479571879
190	10.547905840715137	21.359577562025304	21.90013479571879
191	10.58044102413618	21.88885404787196	21.90013479571879
192	10.502297658445539	22.345695317898613	22.345695317898613
193	10.340162867901768	22.035824791934466	22.345695317898613
194	9.467624282518528	21.398391138070302	22.345695317898613
195	10.308522298177278	21.74336119208815	22.345695317898613
196	8.985417639393159	21.83207890159344	22.345695317898613
197	9.66454067447996	21.83207890159344	22.345695317898613
198	9.459345624469382	21.592119992290552	22.345695317898613
199	9.03430315059416	21.648814348804237	22.345695317898613
200	8.611530809602849	21.979903182530723	22.345695317898613
201	8.830930367615585	22.14566824730473	22.345695317898613
202	9.236088452395474	22.14566824730473	22.345695317898613
203	9.295022352828376	22.14566824730473	22.345695317898613
204	8.991523510471927	21.30480364347724	22.345695317898613
205	8.977789714781654	21.50719862960489	22.345695317898613
206	9.685802465502567	22.005359562061138	22.345695317898613
207	9.385290967141767	21.21131785067105	22.345695317898613
208	9.503194189776888	21.548696931658338	22.345695317898613
209	9.171196038039408	21.809319317598447	22.345695317898613
210	9.898798721815291	22.280237023884453	22.345695317898613
211	9.867676561245883	21.754857515898507	22.345695317898613
212	9.821616981437678	21.85787960916395	22.345695317898613
213	10.141500817790439	21.716528383254797	22.345695317898613
214	9.910602494685795	21.621082602473106	22.345695317898613
215	10.060932022977601	21.499920131514767	22.345695317898613
216	9.068128098013378	21.404235925046017	22.345695317898613
217	9.432634314684222	21.60785190860947	22.345695317898613
218	9.013680742480094	21.60785190860947	22.345695317898613
219	9.453931816622086	21.2077197935233	22.345695317898613
220	9.729012986234691	21.600128405507164	22.345695317898613
221	10.248355728286676	21.267739647881413	22.345695317898613
222	9.520334561210822	21.653290355396898	22.345695317898613
223	10.111727727446077	21.517053633059668	22.345695317898613
224	10.138662961471473	21.599112800920924	22.345695317898613
225	10.180888358271588	21.55767110920797	22.345695317898613
226	10.918214273206011	21.55767110920797	22.345695317898613
227	10.454637782331156	21.44833374842676	22.345695317898613
228	11.017780904761528	21.888855604518238	22.345695317898613
229	11.736365601713333	21.752923363098798	22.345695317898613
230	11.205194007448947	21.644437918136873	22.345695317898613
231	10.852822288642859	21.52876810102639	22.345695317898613
232	10.93244024388534	21.52876810102639	22.345695317898613
233	10.966263299730455	21.41867897954964	22.345695317898613
234	9.957277310930674	21.72465815836305	22.345695317898613
235	9.97935015136739	21.146858054770806	22.345695317898613
236	10.430743932270518	21.72339015466009	22.345695317898613
237	10.601490324267544	21.72339015466009	22.345695317898613
238	10.310596578995677	22.013645513751918	22.345695317898613
239	10.228942143935479	21.475427404399927	22.345695317898613
240	10.024556331442708	21.7048184856631	22.345695317898613
241	9.421958461703333	21.630054495396553	22.345695317898613
242	9.587932790460531	21.68592503417289	22.345695317898613
243	9.722835985691573	21.988040750653155	22.345695317898613
244	9.578043207134492	21.600826036351066	22.345695317898613
245	10.036255310332256	21.600826036351066	22.345695317898613
246	10.211408149792174	21.54773902066071	22.345695317898613
247	10.029458428743201	21.849294993979548	22.345695317898613
248	10.129894967468177	21.549662690196623	22.345695317898613
249	9.824013684641345	21.837799043882193	22.345695317898613
250	9.657399971263194	21.645918816214184	22.345695317898613
251	9.382293837372554	21.23903243823255	22.345695317898613
252	9.091468677871735	21.69963552599053	22.345695317898613
253	9.076813561235776	21.292314102617638	22.345695317898613
254	9.124533627031962	21.494650155964603	22.345695317898613
255	8.991936449626387	21.74968481882448	22.345695317898613
256	9.151793340538381	21.694333989564534	22.345695317898613
257	8.98109828743883	21.677267570654745	22.345695317898613
258	8.882479288389812	22.088357732214398	22.345695317898613
259	8.676437117434755	21.624493954593117	22.345695317898613
260	8.389526687118018	21.624493954593117	22.345695317898613
261	9.171541824518712	21.50506606628531	22.345695317898613
262	8.730922115690797	21.81418610321453	22.345695317898613
263	8.486868207347444	21.81418610321453	22.345695317898613
264	8.444837777338	21.910888090109335	22.345695317898613
265	7.941167993007037	21.95194351579016	22.345695317898613
266	7.665632459961579	21.818670295810392	22.345695317898613
267	7.7081573975520605	21.84437946649836	22.345695317898613
268	8.002971588433072	21.86976719294125	22.345695317898613
269	8.224117851255135	21.84437946649836	22.345695317898613
270	7.994101320383563	21.8649298349504	22.345695317898613
271	8.864980552772488	22.0894594294281	22.345695317898613
272	8.522611981575302	22.107173510773862	22.345695317898613
273	8.813822176151126	22.107173510773862	22.345695317898613
274	9.308234854834888	22.36762827595348	22.36762827595348
275	10.308356586183223	22.119332423662417	22.36762827595348
276	9.155798560191721	22.036066686178867	22.36762827595348
277	8.886400932757232	21.94752277829802	22.36762827595348
278	9.081805672022359	21.94752277829802	22.36762827595348
279	9.258192692486567	21.9753118753481	22.36762827595348
280	9.33545200204042	21.962009848832466	22.36762827595348
281	9.571875854218392	21.962009848832466	22.36762827595348
282	9.372281106185046	22.28717456020651	22.36762827595348
283	9.088246573188133	22.28717456020651	22.36762827595348
284	8.919567177518848	21.83314934980125	22.36762827595348
285	8.989399908970446	22.030146357898786	22.36762827595348
286	8.809815751034247	22.163592899827744	22.36762827595348
287	8.756917818708182	22.103042975078488	22.36762827595348
288	9.124532487396255	22.062950298918203	22.36762827595348
289	9.271782456796954	22.00923021671147	22.36762827595348
290	9.048841442454247	21.83648678375494	22.36762827595348
291	8.693834664744248	22.2373057395947	22.36762827595348
292	8.068619326838062	21.979979336108475	22.36762827595348
293	8.590708332171289	22.35689482039858	22.36762827595348
294	7.894903632017458	21.747111310767153	22.36762827595348
295	7.89694980729286	21.96790516425075	22.36762827595348
296	8.228824217965599	22.06438179447607	22.36762827595348
297	8.624157545578935	22.282892781229886	22.36762827595348
298	9.056164615944647	22.06438179447607	22.36762827595348
299	8.568550424101518	22.08663557503126	22.36762827595348
300	8.504799559475542	22.141311650204678	22.36762827595348
301	8.149159865339305	22.501399392425018	22.501399392425018
302	8.65844500557894	22.501399392425018	22.501399392425018
303	8.762324529177992	22.120827734507287	22.501399392425018
304	8.668126427853341	22.120827734507287	22.501399392425018
305	9.23671120071354	22.113898547737254	22.501399392425018
306	9.409990810747093	22.16713081877517	22.501399392425018
307	9.257434916652448	21.815673249734278	22.501399392425018
308	8.932615731746926	21.68978344655552	22.501399392425018
309	8.904553516735005	21.403877213371313	22.501399392425018
310	8.702089429939988	22.29690015361684	22.501399392425018
311	8.535976262177572	21.980470657767928	22.501399392425018
312	8.790926927969654	22.2345196307331	22.501399392425018
313	8.678862830149908	22.2345196307331	22.501399392425018
314	8.619290342390041	22.208145408387583	22.501399392425018
315	8.205771266850633	21.82187448869898	22.501399392425018
316	8.680330977870623	21.95972043640631	22.501399392425018
317	8.7815270750526	22.08203006483668	22.501399392425018
318	8.899308858558655	22.38397953116522	22.501399392425018
319	9.564588617745441	21.754146596968102	22.501399392425018
320	9.91313987866068	21.997345364903754	22.501399392425018
321	10.108971691153217	21.7490488526106	22.501399392425018
322	9.369041337011074	21.7490488526106	22.501399392425018
323	9.367642499736252	22.169324435010033	22.501399392425018
324	9.05010936110962	21.787437504908382	22.501399392425018
325	8.71128976865787	22.064197508330384	22.501399392425018
326	8.654595518197493	22.064197508330384	22.501399392425018
327	9.326084790452349	21.623831736451496	22.501399392425018
328	9.152439549494376	21.874195653242698	22.501399392425018
329	9.757027564188338	22.12231261904493	22.501399392425018
330	8.598336804646118	22.18294846597646	22.501399392425018
331	9.254110284706195	22.18294846597646	22.501399392425018
332	8.978654275425313	21.876325818192697	22.501399392425018
333	9.080654768742608	21.86536876669836	22.501399392425018
334	9.11061355513042	22.092837587334017	22.501399392425018
335	8.790748578791073	22.06512686508208	22.501399392425018
336	9.036954727738056	22.22788947401753	22.501399392425018
337	9.804302304213445	22.16299669928964	22.501399392425018
338	9.011274688345209	21.905497515865672	22.501399392425018
339	9.225703746470069	21.96944027822831	22.501399392425018
340	8.71264119886236	22.036081598727584	22.501399392425018
341	9.29241724059074	22.301686002299856	22.501399392425018
342	9.842742094883787	21.88604429045846	22.501399392425018
343	9.668121051941903	22.166100690634515	22.501399392425018
344	9.742349734254935	21.88604429045846	22.501399392425018
345	10.446496489418752	22.10921662386393	22.501399392425018
346	10.253438369228277	21.932016320647133	22.501399392425018
347	9.207266213060606	21.67158468759238	22.501399392425018
348	9.360821341963993	22.204246549486395	22.501399392425018
349	10.478101309545929	21.896829829447128	22.501399392425018
350	9.893918718146624	21.81941257375098	22.501399392425018
351	9.512507394213845	21.81941257375098	22.501399392425018
352	9.634816507753339	22.20881840719732	22.501399392425018
353	8.730246382778045	21.988339225505072	22.501399392425018
354	9.604108025904873	21.82327517324683	22.501399392425018
355	8.729877462444428	21.91776866497995	22.501399392425018
356	9.202654648907266	21.727922953456098	22.501399392425018
357	9.594241079100847	21.817385555243735	22.501399392425018
358	9.762697388461305	21.97308157263864	22.501399392425018
359	9.312238352665258	22.068653633664244	22.501399392425018
360	9.886234625312682	21.991589840834333	22.501399392425018
361	9.342142671528162	21.991589840834333	22.501399392425018
362	10.297829852122016	22.046578134011114	22.501399392425018
363	9.832088023468602	22.046578134011114	22.501399392425018
364	10.472953743075939	22.22841905092879	22.501399392425018
365	10.065014973363953	22.143558424859073	22.501399392425018
366	9.955077564038998	22.1981522474976	22.501399392425018
367	10.164625644635167	21.877267016535754	22.501399392425018
368	10.340988656988289	21.780121228085797	22.501399392425018
369	10.399777517430987	22.166569830834813	22.501399392425018
370	10.706813560551334	22.00009761501581	22.501399392425018
371	10.606712865109468	22.440645355130417	22.501399392425018
372	10.03993492675007	22.03493213376808	22.501399392425018
373	9.671776903489048	22.298017002635365	22.501399392425018
374	9.48680854544305	21.97818823204227	22.501399392425018
375	9.359425901253964	21.858833532232715	22.501399392425018
376	10.148701935910545	22.072252982725647	22.501399392425018
377	9.929227392741488	22.1695142303047	22.501399392425018
378	9.959794031723955	22.439246626198194	22.501399392425018
379	10.229314254970149	22.439246626198194	22.501399392425018
380	10.21524727123428	21.84036458217656	22.501399392425018
381	9.921510256799555	22.050610213838773	22.501399392425018
382	9.843923511765132	22.050610213838773	22.501399392425018
383	10.490992713051842	22.050610213838773	22.501399392425018
384	10.692945832811063	22.133403260280943	22.501399392425018
385	10.846902342579408	22.11922908794827	22.501399392425018
386	10.597188141985352	22.29008383973293	22.501399392425018
387	10.163958089758355	22.110775464981636	22.501399392425018
388	10.224530691076923	22.191176672356686	22.501399392425018
389	10.146027949422846	22.086799086769464	22.501399392425018
390	10.149724887780781	22.050112566057575	22.501399392425018
391	10.405808094433546	22.072366409962534	22.501399392425018
392	9.682158197318786	21.91393640872916	22.501399392425018
393	9.994654153770076	21.97508254859242	22.501399392425018
394	9.29666031562298	22.082288545939164	22.501399392425018
395	9.554222231105006	22.082288545939164	22.501399392425018
396	9.673866717540541	21.90410778861912	22.501399392425018
397	10.221089155664561	22.299544651047274	22.501399392425018
398	9.597604981472816	22.12679523446662	22.501399392425018
399	10.359685636079567	22.085605590956543	22.501399392425018
400	10.516464787473863	22.30400329370189	22.501399392425018
401	10.107194493810221	22.187711895795204	22.501399392425018
402	10.143110071442413	22.11427238699673	22.501399392425018
403	9.95268823083481	22.179876928344147	22.501399392425018
404	9.534876631105556	21.921953280443926	22.501399392425018
405	10.171151489152804	21.85959486858526	22.501399392425018
406	10.079402711478213	22.01160919455754	22.501399392425018
407	10.028350919887338	22.22188961568237	22.501399392425018
408	9.550517179084862	21.998259208928463	22.501399392425018
409	10.069265818383762	22.090433023083605	22.501399392425018
410	9.141471764698608	22.090433023083605	22.501399392425018
411	9.056501324144701	22.175649779190678	22.501399392425018
412	9.217272439515686	22.424937490396793	22.501399392425018
413	9.541415056094552	22.129122230957684	22.501399392425018
414	9.690685342521437	22.26497079969137	22.501399392425018
415	10.00354817020311	22.04547493429609	22.501399392425018
416	9.82833039896387	22.153796074386065	22.501399392425018
417	9.49309199607553	22.153796074386065	22.501399392425018
418	9.111858046112719	22.153796074386065	22.501399392425018
419	9.167477639805984	22.153796074386065	22.501399392425018
420	9.561858052270313	22.165038111375285	22.501399392425018
421	9.483148785067794	22.165038111375285	22.501399392425018
422	10.044625937285314	21.994008188607605	22.501399392425018
423	9.19619708743627	22.218770933002684	22.501399392425018
424	10.182611270833808	21.77157749126175	22.501399392425018
425	9.914111652169941	22.237059065601663	22.501399392425018
426	9.57742173867921	22.04494413936369	22.501399392425018
427	9.547759614953193	22.39163971445181	22.501399392425018
428	10.274262262369398	22.167182868404986	22.501399392425018
429	10.555941860546213	21.94937757509846	22.501399392425018
430	10.428328608922122	22.439216261878787	22.501399392425018
431	9.746545231674263	22.253503879465768	22.501399392425018
432	9.96418633834625	22.391332214562194	22.501399392425018
433	9.863758139692841	22.1262198296978	22.501399392425018
434	9.886138067108805	22.1262198296978	22.501399392425018
435	9.513217195862959	21.99859708749419	22.501399392425018
436	9.866461060071087	22.36678861620259	22.501399392425018
437	9.338850689544511	21.839707422580247	22.501399392425018
438	9.481294007958454	22.394321682939307	22.501399392425018
439	9.431693175566235	22.394321682939307	22.501399392425018
440	9.926595771332849	22.258191522083226	22.501399392425018
441	10.18304431710455	22.20205379339252	22.501399392425018
442	9.803739079309661	22.121536601677903	22.501399392425018
443	9.193130101065623	22.142939902874474	22.501399392425018
444	9.415025415289735	22.128973570253645	22.501399392425018
445	9.224800536283675	22.2549053840712	22.501399392425018
446	9.829921326862857	22.216652405805828	22.501399392425018
447	9.973145788746363	22.302968415897936	22.501399392425018
448	10.261560396038494	21.906830656478565	22.501399392425018
449	9.723447782560427	21.994802776222457	22.501399392425018
450	10.31235866394757	22.310219279326848	22.501399392425018
451	10.297443450857102	22.244749272216616	22.501399392425018
452	9.991832210216876	22.273641369357726	22.501399392425018
453	10.293987158400373	22.358688802359993	22.501399392425018
454	10.256081922827098	22.358688802359993	22.501399392425018
455	9.43528679077656	22.45997342514081	22.501399392425018
456	9.59032095233254	22.232353286659176	22.501399392425018
457	9.59314090525094	22.286294863976785	22.501399392425018
458	9.803090866153852	22.392439818513836	22.501399392425018
459	9.720689523775743	22.16510623309014	22.501399392425018
460	10.459246136216167	22.396176609326126	22.501399392425018
461	10.170919443794098	22.071830967844644	22.501399392425018
462	10.291260408881149	22.32817419298034	22.501399392425018
463	10.207020012621848	22.19724842271205	22.501399392425018
464	10.022903738389186	22.395177059809594	22.501399392425018
465	9.51099829045464	22.25756427762102	22.501399392425018
466	9.82925680391711	22.103406634014302	22.501399392425018
467	9.722914748024918	22.186622863888434	22.501399392425018
468	9.752228839072828	22.306917578934797	22.501399392425018
469	9.177549806695518	22.49180971648616	22.501399392425018
470	9.39927312340893	22.289425077711584	22.501399392425018
471	9.424345024309972	22.156143871859513	22.501399392425018
472	8.93430870926631	22.46772159903277	22.501399392425018
473	9.467690432625767	22.043542758964602	22.501399392425018
474	9.637302132507717	21.897564718721597	22.501399392425018
475	9.217166645795519	22.256290763966597	22.501399392425018
476	9.082601503973216	22.16243478523342	22.501399392425018
477	9.678974609299926	21.610201289770266	22.501399392425018
478	9.021367713421533	21.971384515708028	22.501399392425018
479	9.249115257285725	22.205032123565758	22.501399392425018
480	9.70185745558932	22.37848606322383	22.501399392425018
481	9.766765845102446	22.22351830486436	22.501399392425018
482	10.011941291268984	22.22351830486436	22.501399392425018
483	10.339582782525543	22.137530749686675	22.501399392425018
484	10.18607350602926	22.137530749686675	22.501399392425018
485	9.614869621703624	22.15965849728233	22.501399392425018
486	10.477000064497382	22.23695854024406	22.501399392425018
487	9.955836073182125	22.12157067760813	22.501399392425018
488	10.070496847985098	22.28903770004188	22.501399392425018
489	10.14533940446208	22.307014658393154	22.501399392425018
490	10.040678265246529	22.53743886629804	22.53743886629804
491	10.05553383275324	22.296356818279687	22.53743886629804
492	9.809983046835468	22.42015921628206	22.53743886629804
493	10.069797430421444	22.30672778575091	22.53743886629804
494	10.165702655588298	22.32511395338996	22.53743886629804
495	10.561586840879766	22.33081553109262	22.53743886629804
496	10.203539261497893	22.242113541592612	22.53743886629804
497	10.87284938601948	22.293364963505837	22.53743886629804
498	10.574500882276793	22.524326910841122	22.53743886629804
499	10.706566473236451	22.524326910841122	22.53743886629804
500	11.14955304319202	22.41242156328404	22.53743886629804
501	11.112338547813572	22.26586588763064	22.53743886629804
502	11.933848772098711	22.259150933872096	22.53743886629804
503	11.081823238504246	22.259150933872096	22.53743886629804
504	10.415287869631927	22.272453849568418	22.53743886629804
505	10.738560069228754	22.370057273095405	22.53743886629804
506	10.223249715070976	22.370057273095405	22.53743886629804
507	10.510698674967816	22.090186007127283	22.53743886629804
508	10.914912964026362	22.190033396162285	22.53743886629804
509	11.06976486850303	22.24290765502648	22.53743886629804
510	11.06938025415883	22.221081077183147	22.53743886629804
511	11.111037037506419	22.344853742929235	22.53743886629804
512	11.548177311240451	22.112251866332723	22.53743886629804
513	11.212730161467421	22.14556006142549	22.53743886629804
514	11.13840898450552	22.081743873520338	22.53743886629804
515	10.415594579266145	21.940694415946393	22.53743886629804
516	10.248528729141345	22.055592009179303	22.53743886629804
517	10.13765974132432	22.06387128489719	22.53743886629804
518	10.123727617209472	22.418476986538835	22.53743886629804
519	10.723397657499753	22.418476986538835	22.53743886629804
520	11.494032421974053	22.418476986538835	22.53743886629804
521	11.56995650542338	22.23659223515045	22.53743886629804
522	12.580034504444233	22.23659223515045	22.53743886629804
523	12.325656630210226	22.149478390983976	22.53743886629804
524	12.247096646135338	22.149478390983976	22.53743886629804
525	11.727375418020618	22.149478390983976	22.53743886629804
526	11.427444346571772	22.142302852167408	22.53743886629804
527	11.472772592185475	22.142302852167408	22.53743886629804
528	11.142064725795235	22.011458643895544	22.53743886629804
529	10.695256887545408	21.8672555740033	22.53743886629804
530	10.313979635141264	21.87765108431253	22.53743886629804
531	10.5516836447375	21.785955488904243	22.53743886629804
532	10.298317787253872	22.296930964262646	22.53743886629804
533	10.665327205082306	22.109047903232707	22.53743886629804
534	10.137850496311442	22.12099256226316	22.53743886629804
535	10.17467408779162	22.20816046249134	22.53743886629804
536	10.388368330221557	22.16418333926029	22.53743886629804
537	10.269501246484953	22.35122925485102	22.53743886629804
538	10.159114456803303	21.71027370457607	22.53743886629804
539	10.088308251716915	22.10806950294495	22.53743886629804
540	9.94760528110925	21.966835484952078	22.53743886629804
541	10.013613885252582	22.083771908128796	22.53743886629804
542	9.638014516135536	22.16187911081973	22.53743886629804
543	9.440004234255461	21.686115508507562	22.53743886629804
544	9.674685256205235	21.695854955477436	22.53743886629804
545	9.773753906657616	21.573080757850473	22.53743886629804
546	9.58056820962646	21.49953730909228	22.53743886629804
547	9.580501841390504	21.544980251366315	22.53743886629804
548	9.6517236302191	21.5330524022817	22.53743886629804
549	9.70502963322557	21.54728877032821	22.53743886629804
550	9.909546876622422	21.840252955000423	22.53743886629804
551	9.943777310456436	21.899213664780024	22.53743886629804
552	10.24094220021156	22.207672202636914	22.53743886629804
553	10.508825738344761	22.05402303097527	22.53743886629804
554	10.522941822583775	22.097265571826842	22.53743886629804
555	10.641202311303257	22.263824652552493	22.53743886629804
556	10.568927193470593	21.971519534442482	22.53743886629804
557	11.107316895881011	22.09189529570186	22.53743886629804
558	11.297147588635019	22.09189529570186	22.53743886629804
559	11.37753124601942	22.2166536478462	22.53743886629804
560	11.351267969949818	21.912640936660328	22.53743886629804
561	11.572690766803113	22.049095434392996	22.53743886629804
562	11.873547590268286	22.14434550378046	22.53743886629804
563	12.233234448400532	22.14434550378046	22.53743886629804
564	11.75577439874128	22.06973088589737	22.53743886629804
565	11.790083269117646	21.98018509481669	22.53743886629804
566	11.779718507347612	21.951484102804383	22.53743886629804
567	11.649906348651418	21.923244215298638	22.53743886629804
568	10.803348857285144	21.82414071578818	22.53743886629804
569	10.568422750656195	21.52309916841312	22.53743886629804
570	10.72616156859087	21.664839494932803	22.53743886629804
571	9.65915559096202	21.53039700041976	22.53743886629804
572	10.118729318847372	21.58297429158781	22.53743886629804
573	9.56904049322204	21.29272636627768	22.53743886629804
574	10.115377593852026	21.88244881895348	22.53743886629804
575	10.079486834856004	21.826354611651425	22.53743886629804
576	9.975542422593799	21.514874610585927	22.53743886629804
577	10.047488472582518	21.570457672697273	22.53743886629804
578	10.157158829132571	21.48044091584716	22.53743886629804
579	10.448766144287633	21.24056950003104	22.53743886629804
580	10.617689038797396	21.72387106434178	22.53743886629804
581	10.42852195411475	21.72387106434178	22.53743886629804
582	10.590812547001951	22.20961484171116	22.53743886629804
583	10.629302304805297	21.80309455336999	22.53743886629804
584	10.142237504693156	21.80309455336999	22.53743886629804
585	10.627783915403192	21.535382308698686	22.53743886629804
586	11.155035736141294	21.550869370131604	22.53743886629804
587	11.268105011112654	21.905318062351693	22.53743886629804
588	10.696394629631904	21.697781712075347	22.53743886629804
589	11.224966411015853	21.9206103497555	22.53743886629804
590	11.155454318573147	21.467962295543302	22.53743886629804
591	11.81618414846816	22.278277276211924	22.53743886629804
592	11.436661846102414	22.08917953068543	22.53743886629804
593	10.490848709232173	21.69201361690433	22.53743886629804
594	10.222844340594145	21.681454865412427	22.53743886629804
595	10.331491966254923	21.707112693920145	22.53743886629804
596	11.055597986059599	22.567553362601785	22.567553362601785
597	10.966485612674392	22.015664492724213	22.567553362601785
598	11.165531920803637	22.09052897054409	22.567553362601785
599	11.033084583690151	21.919666558425764	22.567553362601785
600	11.123259338541438	21.405878372245926	22.567553362601785
601	10.30276032734402	22.129410062312502	22.567553362601785
602	10.320846354995156	21.708986641961197	22.567553362601785
603	9.614645094751666	21.36729655412319	22.567553362601785
604	9.686525134539627	21.42653964987347	22.567553362601785
605	9.461190123623426	21.669713730856042	22.567553362601785
606	9.43014448082523	21.669713730856042	22.567553362601785
607	10.08776170870898	21.70551604624155	22.567553362601785
608	9.89641203370034	21.45888913363893	22.567553362601785
609	10.596442976229783	21.54526794765302	22.567553362601785
610	11.433590554960304	21.65471902171852	22.567553362601785
611	11.06066443283543	21.708341176988913	22.567553362601785
612	10.882138254073508	21.690278445294265	22.567553362601785
613	10.952874628909694	21.903862984891237	22.567553362601785
614	10.80935381012589	21.661264560327282	22.567553362601785
615	10.472776642936138	21.706466441842352	22.567553362601785
616	10.387492988481513	21.63873514844082	22.567553362601785
617	10.576769337718387	21.63873514844082	22.567553362601785
618	10.311446387069273	21.403761039981227	22.567553362601785
619	9.300920261859979	21.561940220107555	22.567553362601785
620	9.473680614069663	21.40697287566212	22.567553362601785
621	9.754675870706443	21.84298338475944	22.567553362601785
622	10.405483376141733	21.396037186498134	22.567553362601785
623	10.214418363867333	21.505868121269852	22.567553362601785
624	10.107235048452697	21.652187833168956	22.567553362601785
625	11.06181458371117	21.783613928765778	22.567553362601785
626	11.489541043622092	21.57794407306172	22.567553362601785
627	11.432799683616524	21.417644905100946	22.567553362601785
628	11.821958114207176	21.732045508106626	22.567553362601785
629	11.380855652932233	21.67921390799753	22.567553362601785
630	10.586556642889782	21.426088793942444	22.567553362601785
631	10.521383729817414	21.354021296017944	22.567553362601785
632	10.47676368260623	21.901330115933145	22.567553362601785
633	11.1924396374467	21.918403724896283	22.567553362601785
634	10.870451872382812	21.446524821830092	22.567553362601785
635	10.763681304728074	22.3477918251307	22.567553362601785
636	10.367054227359771	22.121407817398886	22.567553362601785
637	10.11271517611158	21.595820284831955	22.567553362601785
638	10.649681156896058	21.69493535181955	22.567553362601785
639	10.451242923318503	21.772402662276974	22.567553362601785
640	10.999543101706468	21.772402662276974	22.567553362601785
